{
  "camera_angle_x": 1.0885739800842398,
  "camera_angle_y": 1.6464325295653632,
  "fl_x": 594.7738744990011,
  "fl_y": 593.3353498451294,
  "k1": -0.009505467669726334,
  "k2": 0.0024519035358507926,
  "p1": 0.0021999729468035164,
  "p2": 0.0006488791489549087,
  "cx": 359.39261469487025,
  "cy": 645.9771252848848,
  "w": 720.0,
  "h": 1280.0,
  "aabb_scale": 16,
  "frames": [
    {
      "file_path": "./train/0002.jpg",
      "sharpness": 28.548390833507355,
      "transform_matrix": [
        [
          -0.9510078005127921,
          -0.05062812686088928,
          0.30499337068003773,
          1.1953483590437817
        ],
        [
          0.3031538229993796,
          -0.3463211761969926,
          0.8877834209534489,
          4.102805602185451
        ],
        [
          0.06067885120517049,
          0.9367488648037816,
          0.34470225025528123,
          -0.15240953728465914
        ],
        [
          0.0,
          0.0,
          0.0,
          1.0
        ]
      ]
    },
    {
      "file_path": "./train/0003.jpg",
      "sharpness": 27.861866317367546,
      "transform_matrix": [
        [
          -0.9497408558720986,
          -0.05330326930630201,
          0.30846566777031287,
          1.1907600525004174
        ],
        [
          0.3072142993919677,
          -0.34788903259058834,
          0.8857723156961403,
          4.083842257788102
        ],
        [
          0.06009726246040566,
          0.936019221227595,
          0.34677995409633877,
          -0.1397808758819383
        ],
        [
          0.0,
          0.0,
          0.0,
          1.0
        ]
      ]
    },
    {
      "file_path": "./train/0001.jpg",
      "sharpness": 34.70006399827061,
      "transform_matrix": [
        [
          -0.9517318343067207,
          -0.048561046793796775,
          0.3030649110765671,
          1.1922737339758709
        ],
        [
          0.30073272759530906,
          -0.34496815063125313,
          0.8891326119339873,
          4.100075997888541
        ],
        [
          0.06137053152129128,
          0.9373573490443452,
          0.34292106683486145,
          -0.1613056047854612
        ],
        [
          0.0,
          0.0,
          0.0,
          1.0
        ]
      ]
    },
    {
      "file_path": "./train/0011.jpg",
      "sharpness": 17.832523837501615,
      "transform_matrix": [
        [
          -0.9150545725683203,
          -0.11538726245580161,
          0.38647239087566887,
          1.6748196770624304
        ],
        [
          0.40064432921679477,
          -0.37043638429476505,
          0.8380101471094853,
          3.881472685411348
        ],
        [
          0.04646773832058864,
          0.921662988774379,
          0.3851987596613674,
          -0.05508088181697452
        ],
        [
          0.0,
          0.0,
          0.0,
          1.0
        ]
      ]
    },
    {
      "file_path": "./train/0012.jpg",
      "sharpness": 21.28208003782931,
      "transform_matrix": [
        [
          -0.9064504550320147,
          -0.12770520886408182,
          0.4025406218329104,
          1.8239831398599256
        ],
        [
          0.41999938856751295,
          -0.3722252147032391,
          0.8276768108044702,
          3.838772599871008
        ],
        [
          0.04413712939278848,
          0.9193148368165674,
          0.3910398248819414,
          -0.04528830925864795
        ],
        [
          0.0,
          0.0,
          0.0,
          1.0
        ]
      ]
    },
    {
      "file_path": "./train/0010.jpg",
      "sharpness": 20.039267571144357,
      "transform_matrix": [
        [
          -0.9227047480233843,
          -0.10352772785981386,
          0.3713461425189156,
          1.5436482567456964
        ],
        [
          0.3823586312084196,
          -0.3686321311890474,
          0.8472970134473864,
          3.9405906250881872
        ],
        [
          0.04917138530096553,
          0.9237923800519965,
          0.3797233380387093,
          -0.043067770519408445
        ],
        [
          0.0,
          0.0,
          0.0,
          1.0
        ]
      ]
    },
    {
      "file_path": "./train/0009.jpg",
      "sharpness": 19.724279409333203,
      "transform_matrix": [
        [
          -0.929253385402943,
          -0.09378358226182637,
          0.357341273070577,
          1.4117792596758554
        ],
        [
          0.36597641675044595,
          -0.36587154330854765,
          0.8556864356649236,
          3.9838635418306607
        ],
        [
          0.05049166383666267,
          0.9259279958604201,
          0.3743099496282713,
          -0.0371964166822256
        ],
        [
          0.0,
          0.0,
          0.0,
          1.0
        ]
      ]
    },
    {
      "file_path": "./train/0004.jpg",
      "sharpness": 34.16635942820678,
      "transform_matrix": [
        [
          -0.9480867700480905,
          -0.058020678850391555,
          0.31267407521236984,
          1.2151079617504583
        ],
        [
          0.3126088476483168,
          -0.35050724697825697,
          0.882847879415888,
          4.0969458394853895
        ],
        [
          0.058371096018821726,
          0.9347610767808575,
          0.350449061221258,
          -0.09807809660925698
        ],
        [
          0.0,
          0.0,
          0.0,
          1.0
        ]
      ]
    },
    {
      "file_path": "./train/0007.jpg",
      "sharpness": 23.69155815960449,
      "transform_matrix": [
        [
          -0.9395367369720048,
          -0.07604397750133264,
          0.33389823807586316,
          1.2384907840109523
        ],
        [
          0.33815126580357274,
          -0.3599890610462994,
          0.869518025899326,
          4.055257462102951
        ],
        [
          0.05407810401145211,
          0.9298522406467281,
          0.3639373150098702,
          -0.0343920815222595
        ],
        [
          0.0,
          0.0,
          0.0,
          1.0
        ]
      ]
    },
    {
      "file_path": "./train/0008.jpg",
      "sharpness": 27.06228510333404,
      "transform_matrix": [
        [
          -0.9349500616025337,
          -0.08435536775082164,
          0.34460492490014316,
          1.3085345531847776
        ],
        [
          0.35089744661905703,
          -0.3631639179958206,
          0.8631239485865091,
          4.011799669167461
        ],
        [
          0.05233893658983514,
          0.9278987771413909,
          0.36914021065438496,
          -0.040537141401627536
        ],
        [
          0.0,
          0.0,
          0.0,
          1.0
        ]
      ]
    },
    {
      "file_path": "./train/0005.jpg",
      "sharpness": 26.22422851500216,
      "transform_matrix": [
        [
          -0.945598227667598,
          -0.06349811720360019,
          0.3190798974675252,
          1.2043609001531683
        ],
        [
          0.32025211867223835,
          -0.35439332531396395,
          0.8785464993159263,
          4.082109290894821
        ],
        [
          0.05729373732197941,
          0.9329380258664085,
          0.35544910688026204,
          -0.061775248047724975
        ],
        [
          0.0,
          0.0,
          0.0,
          1.0
        ]
      ]
    },
    {
      "file_path": "./train/0006.jpg",
      "sharpness": 26.885768280536748,
      "transform_matrix": [
        [
          -0.942519455879292,
          -0.06984383690830151,
          0.3267704297504925,
          1.210485550553935
        ],
        [
          0.3294699391480765,
          -0.3573620409524113,
          0.8739232980562459,
          4.072170565687481
        ],
        [
          0.055737191398727,
          0.9313507449694945,
          0.3598321210864263,
          -0.03899757463274073
        ],
        [
          0.0,
          0.0,
          0.0,
          1.0
        ]
      ]
    },
    {
      "file_path": "./train/0013.jpg",
      "sharpness": 21.029752594629933,
      "transform_matrix": [
        [
          -0.8967411734336554,
          -0.14201140111453972,
          0.41915155951840055,
          1.949812379882778
        ],
        [
          0.4407011454046149,
          -0.3731580377200532,
          0.8164163027067718,
          3.7954822847310994
        ],
        [
          0.04046935041704548,
          0.916834685677527,
          0.3972107637529727,
          -0.02870663208640467
        ],
        [
          0.0,
          0.0,
          0.0,
          1.0
        ]
      ]
    },
    {
      "file_path": "./train/0014.jpg",
      "sharpness": 18.506909721991466,
      "transform_matrix": [
        [
          -0.8862374371220975,
          -0.15647337139976997,
          0.4360037718993237,
          2.0486537612002613
        ],
        [
          0.4618022593461637,
          -0.3723095267975213,
          0.8050616681472295,
          3.7757374436723374
        ],
        [
          0.03635764459805168,
          0.9148233164505984,
          0.40221439728510133,
          -0.006603477452490471
        ],
        [
          0.0,
          0.0,
          0.0,
          1.0
        ]
      ]
    },
    {
      "file_path": "./train/0016.jpg",
      "sharpness": 22.792713753706117,
      "transform_matrix": [
        [
          -0.8630340717773121,
          -0.18886001424062815,
          0.46851263163002815,
          2.273633567784886
        ],
        [
          0.5044568943928774,
          -0.3706435547462107,
          0.7798375452785034,
          3.647625263873779
        ],
        [
          0.026371057324180824,
          0.909370799162449,
          0.4151497524894614,
          0.022114996761575637
        ],
        [
          0.0,
          0.0,
          0.0,
          1.0
        ]
      ]
    },
    {
      "file_path": "./train/0017.jpg",
      "sharpness": 25.07200479291282,
      "transform_matrix": [
        [
          -0.8506882496296146,
          -0.20419984515045153,
          0.4843881968081238,
          2.438660468823604
        ],
        [
          0.5252289362655538,
          -0.3679394378271936,
          0.7673038085414273,
          3.598932707051011
        ],
        [
          0.021542201936197766,
          0.9071510311713642,
          0.4202534237888823,
          0.08348021033608202
        ],
        [
          0.0,
          0.0,
          0.0,
          1.0
        ]
      ]
    },
    {
      "file_path": "./train/0015.jpg",
      "sharpness": 23.40707530689829,
      "transform_matrix": [
        [
          -0.8748323410470881,
          -0.17205687121318333,
          0.45284081988132774,
          2.1560832923674864
        ],
        [
          0.48336721295024776,
          -0.3718072685412239,
          0.792537376094049,
          3.7203743725094767
        ],
        [
          0.03200800707379663,
          0.9122257331118159,
          0.4084356734634984,
          0.0007399197808263001
        ],
        [
          0.0,
          0.0,
          0.0,
          1.0
        ]
      ]
    },
    {
      "file_path": "./train/0018.jpg",
      "sharpness": 25.0162064627141,
      "transform_matrix": [
        [
          -0.8377995034692757,
          -0.2206361014674477,
          0.49941135623879535,
          2.5829159592054274
        ],
        [
          0.5457388426437557,
          -0.36548811349671384,
          0.7540474484565831,
          3.5162689297833385
        ],
        [
          0.016158825101615776,
          0.9042887534661082,
          0.4266154506717443,
          0.1528802564327989
        ],
        [
          0.0,
          0.0,
          0.0,
          1.0
        ]
      ]
    },
    {
      "file_path": "./train/0020.jpg",
      "sharpness": 22.75395392650909,
      "transform_matrix": [
        [
          -0.8112921334023783,
          -0.25347209848847957,
          0.5268367580111089,
          2.7252406864895335
        ],
        [
          0.5846255606427112,
          -0.358272265712063,
          0.7279106658554718,
          3.4312440609179298
        ],
        [
          0.004245954966504878,
          0.8985504320476644,
          0.43884973847455533,
          0.2614197806644158
        ],
        [
          0.0,
          0.0,
          0.0,
          1.0
        ]
      ]
    },
    {
      "file_path": "./train/0019.jpg",
      "sharpness": 29.987811394725615,
      "transform_matrix": [
        [
          -0.8247465130668226,
          -0.23728158649185221,
          0.5133133915264814,
          2.6834216673196165
        ],
        [
          0.5654140118290116,
          -0.36207081930623,
          0.7410881978791414,
          3.4716557400546715
        ],
        [
          0.010009216907702179,
          0.9014444911043412,
          0.43277897945757154,
          0.21804992365269996
        ],
        [
          0.0,
          0.0,
          0.0,
          1.0
        ]
      ]
    },
    {
      "file_path": "./train/0021.jpg",
      "sharpness": 25.213184651258267,
      "transform_matrix": [
        [
          -0.7975444092145597,
          -0.2701298290471037,
          0.5394003993453962,
          2.732983239330008
        ],
        [
          0.6032573194449495,
          -0.35434373464237207,
          0.7145076096566125,
          3.35409054086075
        ],
        [
          -0.0018766664777609238,
          0.8952487884395293,
          0.4455626610773096,
          0.2823150024702434
        ],
        [
          0.0,
          0.0,
          0.0,
          1.0
        ]
      ]
    },
    {
      "file_path": "./train/0023.jpg",
      "sharpness": 21.480659721162592,
      "transform_matrix": [
        [
          -0.7684903015698218,
          -0.30159925913887814,
          0.5643230841498474,
          2.8347122636228566
        ],
        [
          0.6397470881362908,
          -0.34549110792251575,
          0.6865563032767417,
          3.23661654040172
        ],
        [
          -0.01209626485621047,
          0.8886359104027614,
          0.45845381353522585,
          0.29078487914334444
        ],
        [
          0.0,
          0.0,
          0.0,
          1.0
        ]
      ]
    },
    {
      "file_path": "./train/0022.jpg",
      "sharpness": 28.88079201358749,
      "transform_matrix": [
        [
          -0.7834000651941124,
          -0.28513316245285775,
          0.5522530376085626,
          2.7976825100926233
        ],
        [
          0.6214812233023016,
          -0.3497428278799915,
          0.7010285610662362,
          3.2832762952799737
        ],
        [
          -0.006739951508058397,
          0.8924007138276054,
          0.45119346076761446,
          0.2945105389229356
        ],
        [
          0.0,
          0.0,
          0.0,
          1.0
        ]
      ]
    },
    {
      "file_path": "./train/0024.jpg",
      "sharpness": 25.874059898205754,
      "transform_matrix": [
        [
          -0.7528978415511319,
          -0.31621542444852396,
          0.5771937677703026,
          2.9243516555961215
        ],
        [
          0.6579221662225736,
          -0.33919904249637745,
          0.672370755434792,
          3.214834197147218
        ],
        [
          -0.016830430454024308,
          0.8859750645105655,
          0.4634273639978967,
          0.30248609401646276
        ],
        [
          0.0,
          0.0,
          0.0,
          1.0
        ]
      ]
    },
    {
      "file_path": "./train/0025.jpg",
      "sharpness": 20.86315668534172,
      "transform_matrix": [
        [
          -0.7370796833493125,
          -0.3321843760363946,
          0.5885295920643072,
          2.9789567391908096
        ],
        [
          0.67542588620815,
          -0.33290080040967157,
          0.6580098246439419,
          3.196617428541008
        ],
        [
          -0.022658610762179874,
          0.8825137944690492,
          0.4697403431215766,
          0.3287874526216021
        ],
        [
          0.0,
          0.0,
          0.0,
          1.0
        ]
      ]
    },
    {
      "file_path": "./train/0026.jpg",
      "sharpness": 28.828584342066446,
      "transform_matrix": [
        [
          -0.7208742675009359,
          -0.34819659174279033,
          0.5992490500435401,
          3.0393794432462524
        ],
        [
          0.6924817086299732,
          -0.3263700950252594,
          0.6433907399765183,
          3.19368742280765
        ],
        [
          -0.02844949341218902,
          0.8787728344664966,
          0.4763915739747254,
          0.37295159424345253
        ],
        [
          0.0,
          0.0,
          0.0,
          1.0
        ]
      ]
    },
    {
      "file_path": "./train/0027.jpg",
      "sharpness": 26.985583742264172,
      "transform_matrix": [
        [
          -0.7047051018878481,
          -0.36338643435685497,
          0.6093775666391407,
          3.0946441963276503
        ],
        [
          0.7086730143166646,
          -0.3190445782775026,
          0.6292798390640517,
          3.14021275169493
        ],
        [
          -0.03425314816998589,
          0.8753061501107154,
          0.48235450183927026,
          0.3810310410641474
        ],
        [
          0.0,
          0.0,
          0.0,
          1.0
        ]
      ]
    },
    {
      "file_path": "./train/0029.jpg",
      "sharpness": 30.397749485152435,
      "transform_matrix": [
        [
          -0.6726841697255429,
          -0.39171162652150415,
          0.6277403997457278,
          3.2048871208093708
        ],
        [
          0.7385128195476832,
          -0.3029530880908286,
          0.6023439563749086,
          3.067932385949167
        ],
        [
          -0.04576923825467393,
          0.8687815767434611,
          0.49307580428017345,
          0.43566465387189884
        ],
        [
          0.0,
          0.0,
          0.0,
          1.0
        ]
      ]
    },
    {
      "file_path": "./train/0028.jpg",
      "sharpness": 34.0895003441693,
      "transform_matrix": [
        [
          -0.6884829024718575,
          -0.378132470035658,
          0.6188756968350355,
          3.1394216735810243
        ],
        [
          0.7241376731789699,
          -0.3111124901829944,
          0.6154946374555179,
          3.105704805091087
        ],
        [
          -0.040198548398673,
          0.8719087415443747,
          0.4880155972414731,
          0.39227691421022703
        ],
        [
          0.0,
          0.0,
          0.0,
          1.0
        ]
      ]
    },
    {
      "file_path": "./train/0032.jpg",
      "sharpness": 27.48177334571652,
      "transform_matrix": [
        [
          -0.625453493907933,
          -0.42639599107221665,
          0.6534480742800401,
          3.464460681877963
        ],
        [
          0.7780730248214901,
          -0.27815846921695214,
          0.5632319540379743,
          2.8815687282279607
        ],
        [
          -0.058397731191062015,
          0.8607057132524919,
          0.5057424049771416,
          0.6585320764164593
        ],
        [
          0.0,
          0.0,
          0.0,
          1.0
        ]
      ]
    },
    {
      "file_path": "./train/0031.jpg",
      "sharpness": 29.450554443189827,
      "transform_matrix": [
        [
          -0.6416202873488704,
          -0.41464820082975745,
          0.6452830978999757,
          3.395667425688298
        ],
        [
          0.7650654497397239,
          -0.2859137480595231,
          0.5769992948752412,
          2.9356385089268904
        ],
        [
          -0.054756410420015306,
          0.863898256882235,
          0.5006810734385295,
          0.56109672304375
        ],
        [
          0.0,
          0.0,
          0.0,
          1.0
        ]
      ]
    },
    {
      "file_path": "./train/0030.jpg",
      "sharpness": 39.47688622224476,
      "transform_matrix": [
        [
          -0.6572426080767423,
          -0.404025411603374,
          0.6362355074432718,
          3.310070572323999
        ],
        [
          0.751964355346812,
          -0.29461512639681614,
          0.5897046172343041,
          3.0001102603002634
        ],
        [
          -0.050811046258957875,
          0.8660054238293029,
          0.497446322231964,
          0.48962920574335406
        ],
        [
          0.0,
          0.0,
          0.0,
          1.0
        ]
      ]
    },
    {
      "file_path": "./train/0034.jpg",
      "sharpness": 27.884559325700934,
      "transform_matrix": [
        [
          -0.5901909889468747,
          -0.44734784720389925,
          0.6719780503798756,
          3.514262431152691
        ],
        [
          0.8047190087704463,
          -0.25998377497110575,
          0.5337000596558894,
          2.7686346430709086
        ],
        [
          -0.06404618250417092,
          0.8557384766265055,
          0.5134293974378535,
          0.7268372498030791
        ],
        [
          0.0,
          0.0,
          0.0,
          1.0
        ]
      ]
    },
    {
      "file_path": "./train/0033.jpg",
      "sharpness": 35.24295315747674,
      "transform_matrix": [
        [
          -0.6081931008287526,
          -0.4369971482695806,
          0.662672350813698,
          3.50872027372565
        ],
        [
          0.7914102743122551,
          -0.26923715144640775,
          0.5487997212056881,
          2.8220434879825373
        ],
        [
          -0.06140789706265194,
          0.858221911110658,
          0.5095922109821932,
          0.713192328894669
        ],
        [
          0.0,
          0.0,
          0.0,
          1.0
        ]
      ]
    },
    {
      "file_path": "./train/0035.jpg",
      "sharpness": 29.759643973626027,
      "transform_matrix": [
        [
          -0.5716131753604673,
          -0.4575004096674667,
          0.6811400391496711,
          3.514870655438932
        ],
        [
          0.8178495318915465,
          -0.2507163781404008,
          0.5179415419893963,
          2.671749661328537
        ],
        [
          -0.06618550402193187,
          0.8531322716388038,
          0.5174792809104386,
          0.6855900438323647
        ],
        [
          0.0,
          0.0,
          0.0,
          1.0
        ]
      ]
    },
    {
      "file_path": "./train/0036.jpg",
      "sharpness": 28.059913004175808,
      "transform_matrix": [
        [
          -0.5531718231392353,
          -0.46756365552762646,
          0.6894818069672682,
          3.52527389361429
        ],
        [
          0.8301928749238355,
          -0.24070704984293007,
          0.5028318869990508,
          2.5933451140381334
        ],
        [
          -0.06914278352566695,
          0.850555315197644,
          0.5213203729964584,
          0.6814419981703338
        ],
        [
          0.0,
          0.0,
          0.0,
          1.0
        ]
      ]
    },
    {
      "file_path": "./train/0037.jpg",
      "sharpness": 33.4316252263387,
      "transform_matrix": [
        [
          -0.5343272201390926,
          -0.4772092986184753,
          0.6976859660010973,
          3.5163468570052765
        ],
        [
          0.8422026732317606,
          -0.23022129370144492,
          0.48753749920301004,
          2.497329043783037
        ],
        [
          -0.07203526235475903,
          0.8480975423051166,
          0.5249204508678522,
          0.6963004636590957
        ],
        [
          0.0,
          0.0,
          0.0,
          1.0
        ]
      ]
    },
    {
      "file_path": "./train/0038.jpg",
      "sharpness": 28.273381542958155,
      "transform_matrix": [
        [
          -0.5152759810861351,
          -0.4866259775378157,
          0.705468511930531,
          3.5001082736971756
        ],
        [
          0.8537592955830043,
          -0.21967902240392018,
          0.47205528523964874,
          2.395611416527573
        ],
        [
          -0.07473773159398926,
          0.8455390500305557,
          0.5286567755882994,
          0.6935835378139368
        ],
        [
          0.0,
          0.0,
          0.0,
          1.0
        ]
      ]
    },
    {
      "file_path": "./train/0039.jpg",
      "sharpness": 30.644175288146215,
      "transform_matrix": [
        [
          -0.496220158535371,
          -0.49595571269140154,
          0.7125962989914324,
          3.5130154218574043
        ],
        [
          0.864731157710559,
          -0.20907030652652045,
          0.456650448171114,
          2.284527757180472
        ],
        [
          -0.07749567181375006,
          0.8428033803938392,
          0.5326132582584296,
          0.7032500493862288
        ],
        [
          0.0,
          0.0,
          0.0,
          1.0
        ]
      ]
    },
    {
      "file_path": "./train/0040.jpg",
      "sharpness": 32.08130100278029,
      "transform_matrix": [
        [
          -0.47699351979051013,
          -0.505176282946622,
          0.7192177036548018,
          3.5393023823532377
        ],
        [
          0.8752532980001126,
          -0.19848994659156075,
          0.4410594126004126,
          2.1746348776278657
        ],
        [
          -0.08005527102995033,
          0.8398801487569388,
          0.536835625988208,
          0.7385901672239222
        ],
        [
          0.0,
          0.0,
          0.0,
          1.0
        ]
      ]
    },
    {
      "file_path": "./train/0041.jpg",
      "sharpness": 30.882857367579152,
      "transform_matrix": [
        [
          -0.4575856614431685,
          -0.5135215946916043,
          0.7258863094530721,
          3.5912263044994854
        ],
        [
          0.8852835664400656,
          -0.18691545617799002,
          0.42583520196708496,
          2.052813637248032
        ],
        [
          -0.08299620132518042,
          0.8374713034205266,
          0.5401420614417304,
          0.8268149158072227
        ],
        [
          0.0,
          0.0,
          0.0,
          1.0
        ]
      ]
    },
    {
      "file_path": "./train/0044.jpg",
      "sharpness": 30.583867349464516,
      "transform_matrix": [
        [
          -0.4005049473472004,
          -0.5437599220910346,
          0.7375099553920339,
          3.5844896497054024
        ],
        [
          0.9115248855609791,
          -0.15441765315747205,
          0.38115295013655387,
          1.7131324501197636
        ],
        [
          -0.09337114197911081,
          0.8249123199144772,
          0.5574957348039888,
          0.9690533519906923
        ],
        [
          0.0,
          0.0,
          0.0,
          1.0
        ]
      ]
    },
    {
      "file_path": "./train/0042.jpg",
      "sharpness": 41.80673973507351,
      "transform_matrix": [
        [
          -0.4383885041351053,
          -0.5232623902590586,
          0.7307612403562145,
          3.643496452101906
        ],
        [
          0.8946491566144231,
          -0.17613546719322234,
          0.4105839545904618,
          1.9368172451286343
        ],
        [
          -0.08613016900418133,
          0.8337702130459858,
          0.5453520201212886,
          0.93410304707033
        ],
        [
          0.0,
          0.0,
          0.0,
          1.0
        ]
      ]
    },
    {
      "file_path": "./train/0043.jpg",
      "sharpness": 38.9390458844032,
      "transform_matrix": [
        [
          -0.4194282647506976,
          -0.5333453651100837,
          0.7345901253544058,
          3.638934479392337
        ],
        [
          0.9033663345947626,
          -0.16544713884167286,
          0.39567222517046036,
          1.8364910334654128
        ],
        [
          -0.08949411293622614,
          0.8295601037842103,
          0.5511994539049323,
          0.9940848568031609
        ],
        [
          0.0,
          0.0,
          0.0,
          1.0
        ]
      ]
    },
    {
      "file_path": "./train/0045.jpg",
      "sharpness": 37.41627519290948,
      "transform_matrix": [
        [
          -0.38100421008354834,
          -0.5553244080323314,
          0.7392229662060993,
          3.5528517478489596
        ],
        [
          0.9195419311138203,
          -0.14429927646146343,
          0.3655411819994844,
          1.6021416789742347
        ],
        [
          -0.09632460133806547,
          0.819019243169563,
          0.5656227104005166,
          0.9336072716251121
        ],
        [
          0.0,
          0.0,
          0.0,
          1.0
        ]
      ]
    },
    {
      "file_path": "./train/0048.jpg",
      "sharpness": 41.881638437906894,
      "transform_matrix": [
        [
          -0.32177646024645046,
          -0.5891888698301685,
          0.7411588124848176,
          3.4746050126552723
        ],
        [
          0.9412582866672521,
          -0.11437264626736333,
          0.3177290285250087,
          1.2578970814086845
        ],
        [
          -0.10243411254062218,
          0.799859596104115,
          0.5913813314046906,
          0.9301320440229118
        ],
        [
          0.0,
          0.0,
          0.0,
          1.0
        ]
      ]
    },
    {
      "file_path": "./train/0046.jpg",
      "sharpness": 42.66492927720342,
      "transform_matrix": [
        [
          -0.3612218337255727,
          -0.5670350561061592,
          0.7402634882330826,
          3.539287005478454
        ],
        [
          0.9272408061630146,
          -0.1343876215488747,
          0.34952032067108035,
          1.4977157116560427
        ],
        [
          -0.09870802513885146,
          0.8126568847594469,
          0.5743217856324682,
          0.9086531447275932
        ],
        [
          0.0,
          0.0,
          0.0,
          1.0
        ]
      ]
    },
    {
      "file_path": "./train/0047.jpg",
      "sharpness": 42.71091355131171,
      "transform_matrix": [
        [
          -0.341316548025985,
          -0.5786280338762544,
          0.74073788378921,
          3.49860876246572
        ],
        [
          0.9345042671685283,
          -0.1242008259020312,
          0.3335804692881181,
          1.377880916302816
        ],
        [
          -0.10101875414015933,
          0.8060792475207108,
          0.5831221639195532,
          0.8974034463595196
        ],
        [
          0.0,
          0.0,
          0.0,
          1.0
        ]
      ]
    },
    {
      "file_path": "./train/0049.jpg",
      "sharpness": 43.84619698022443,
      "transform_matrix": [
        [
          -0.3037396827534431,
          -0.5976134769728811,
          0.7420244856375112,
          3.483737081968317
        ],
        [
          0.9470177857104697,
          -0.10403144468402933,
          0.30386637205588957,
          1.1425043460985438
        ],
        [
          -0.10440075990766126,
          0.7950066607790817,
          0.5975490696783021,
          0.9237991685114019
        ],
        [
          0.0,
          0.0,
          0.0,
          1.0
        ]
      ]
    },
    {
      "file_path": "./train/0051.jpg",
      "sharpness": 35.59555007374021,
      "transform_matrix": [
        [
          -0.27039962914326865,
          -0.6124670690762724,
          0.7428109651053189,
          3.477874370901919
        ],
        [
          0.9563121655276156,
          -0.08180427404303671,
          0.280669027171845,
          1.0462014063221905
        ],
        [
          -0.11113542470078042,
          0.7862519634767946,
          0.6078295545062532,
          0.9883816261016458
        ],
        [
          0.0,
          0.0,
          0.0,
          1.0
        ]
      ]
    },
    {
      "file_path": "./train/0050.jpg",
      "sharpness": 41.95434870920062,
      "transform_matrix": [
        [
          -0.28668580467000393,
          -0.6052950914379377,
          0.742582723813477,
          3.497826076127609
        ],
        [
          0.9519923956271864,
          -0.09314600912645471,
          0.29160641222929407,
          1.0894327845451857
        ],
        [
          -0.10733931278474182,
          0.7905325251314412,
          0.6029399627375963,
          0.9139542781672032
        ],
        [
          0.0,
          0.0,
          0.0,
          1.0
        ]
      ]
    },
    {
      "file_path": "./train/0052.jpg",
      "sharpness": 50.4657182850732,
      "transform_matrix": [
        [
          -0.25440297002296003,
          -0.6185237971587975,
          0.7434429643329414,
          3.4936190012194768
        ],
        [
          0.9602921719326173,
          -0.07052063694709046,
          0.26993663013924063,
          1.0643831139927384
        ],
        [
          -0.11453415808738097,
          0.7825951393527157,
          0.6119042200528819,
          1.0511944677674256
        ],
        [
          0.0,
          0.0,
          0.0,
          1.0
        ]
      ]
    },
    {
      "file_path": "./train/0053.jpg",
      "sharpness": 51.77535199058318,
      "transform_matrix": [
        [
          -0.2382839743107466,
          -0.6232494257675701,
          0.7448361570784954,
          3.5294373045950627
        ],
        [
          0.9640799322837731,
          -0.05912779749733326,
          0.2589474613357809,
          1.0297818513590418
        ],
        [
          -0.1173483351170664,
          0.7797846221035099,
          0.614951470769805,
          1.072585397841387
        ],
        [
          0.0,
          0.0,
          0.0,
          1.0
        ]
      ]
    },
    {
      "file_path": "./train/0054.jpg",
      "sharpness": 45.057154498248636,
      "transform_matrix": [
        [
          -0.22193716441067546,
          -0.627486622889457,
          0.7463272962799398,
          3.5555487055641706
        ],
        [
          0.9677718469760104,
          -0.048340842632324334,
          0.24714533201267333,
          1.0261103571266252
        ],
        [
          -0.11900229936584934,
          0.7771252801536769,
          0.6179925175255099,
          1.1471883361295734
        ],
        [
          0.0,
          0.0,
          0.0,
          1.0
        ]
      ]
    },
    {
      "file_path": "./train/0056.jpg",
      "sharpness": 48.53271236752992,
      "transform_matrix": [
        [
          -0.18910481533865967,
          -0.6324850748233192,
          0.751133808962067,
          3.530703424125966
        ],
        [
          0.9746241005673572,
          -0.027586624886717537,
          0.22214148807020606,
          0.976595758519088
        ],
        [
          -0.11977992907587988,
          0.7740811380459591,
          0.6216519607769747,
          1.1689219315381012
        ],
        [
          0.0,
          0.0,
          0.0,
          1.0
        ]
      ]
    },
    {
      "file_path": "./train/0055.jpg",
      "sharpness": 52.98695057233178,
      "transform_matrix": [
        [
          -0.20560071130827853,
          -0.6303018921185618,
          0.7486306648312521,
          3.534360475358473
        ],
        [
          0.9712772560114391,
          -0.03778980667241685,
          0.2349306758768778,
          1.0010048690683981
        ],
        [
          -0.11978664142887274,
          0.7754298519717385,
          0.6199675033677862,
          1.1642730079657453
        ],
        [
          0.0,
          0.0,
          0.0,
          1.0
        ]
      ]
    },
    {
      "file_path": "./train/0057.jpg",
      "sharpness": 58.16816079225775,
      "transform_matrix": [
        [
          -0.1724654288049085,
          -0.6345117025087906,
          0.7534258923549991,
          3.5444902515604375
        ],
        [
          0.9777255279782244,
          -0.017387688413505333,
          0.2091661067973321,
          0.9283853356120899
        ],
        [
          -0.11961800787217479,
          0.7727176506955116,
          0.6233770644819308,
          1.1868768540808172
        ],
        [
          0.0,
          0.0,
          0.0,
          1.0
        ]
      ]
    },
    {
      "file_path": "./train/0060.jpg",
      "sharpness": 44.46119355461212,
      "transform_matrix": [
        [
          -0.12357917129526964,
          -0.6402902446359376,
          0.7581270283207275,
          3.545278577384904
        ],
        [
          0.9850906904989957,
          0.01298803393755616,
          0.17154487013042607,
          0.6850433252459753
        ],
        [
          -0.11968508643465892,
          0.7680232507050898,
          0.6291389087374286,
          1.2799063087949725
        ],
        [
          0.0,
          0.0,
          0.0,
          1.0
        ]
      ]
    },
    {
      "file_path": "./train/0058.jpg",
      "sharpness": 49.65908197529643,
      "transform_matrix": [
        [
          -0.15629831457933116,
          -0.636426172392933,
          0.755336060291929,
          3.5565254307727256
        ],
        [
          0.9804477776335021,
          -0.007405420372154133,
          0.19664006479874419,
          0.8555291703452158
        ],
        [
          -0.11955330273025461,
          0.771302072386481,
          0.6251400810733666,
          1.2104533672227988
        ],
        [
          0.0,
          0.0,
          0.0,
          1.0
        ]
      ]
    },
    {
      "file_path": "./train/0059.jpg",
      "sharpness": 54.46017459784497,
      "transform_matrix": [
        [
          -0.13967320499539088,
          -0.6385154280268341,
          0.7568285433322502,
          3.561381795385628
        ],
        [
          0.9829824269825446,
          0.002690449461437093,
          0.18367991105893408,
          0.7736117045796497
        ],
        [
          -0.11931866597653462,
          0.7696043202052689,
          0.6272736614084586,
          1.243351630946091
        ],
        [
          0.0,
          0.0,
          0.0,
          1.0
        ]
      ]
    },
    {
      "file_path": "./train/0061.jpg",
      "sharpness": 54.08784175998897,
      "transform_matrix": [
        [
          -0.10758184525531855,
          -0.6423305373964128,
          0.7588396585075716,
          3.5315153464617635
        ],
        [
          0.9869239052748461,
          0.023152458533769783,
          0.1595154188857757,
          0.5844399135976939
        ],
        [
          -0.12003062846329074,
          0.76607796236213,
          0.6314405782332981,
          1.3296729111866132
        ],
        [
          0.0,
          0.0,
          0.0,
          1.0
        ]
      ]
    },
    {
      "file_path": "./train/0063.jpg",
      "sharpness": 51.07586671371342,
      "transform_matrix": [
        [
          -0.0777265532601435,
          -0.648218927996469,
          0.7574766031566903,
          3.494153633317698
        ],
        [
          0.9893634392353076,
          0.04355270238707633,
          0.13879174046276246,
          0.428303308896066
        ],
        [
          -0.12295758627999291,
          0.7602074608465281,
          0.6379389065382985,
          1.4428572772249155
        ],
        [
          0.0,
          0.0,
          0.0,
          1.0
        ]
      ]
    },
    {
      "file_path": "./train/0062.jpg",
      "sharpness": 60.31416882455615,
      "transform_matrix": [
        [
          -0.0922480152346525,
          -0.6448093880290149,
          0.7587563224246018,
          3.5116041290798483
        ],
        [
          0.9884001264976595,
          0.03302970410514956,
          0.14823706887129476,
          0.4982734620129186
        ],
        [
          -0.12064615047971057,
          0.7636294204529547,
