{
  "camera_angle_x": 0.6496354729646808,
  "camera_angle_y": 1.0811347956672288,
  "fl_x": 801.7940896991566,
  "fl_y": 799.7318785079423,
  "k1": 0.00786301653775234,
  "k2": -0.0001761522327958762,
  "p1": -0.004324314769092688,
  "p2": -0.01648049580028735,
  "cx": 269.0235701052498,
  "cy": 472.78808462624295,
  "w": 540.0,
  "h": 960.0,
  "aabb_scale": 16,
  "frames": [
    {
      "file_path": "./images/0001.jpg",
      "sharpness": 138.1906866157354,
      "transform_matrix": [
        [
          0.8548861074316326,
          0.04665746931996644,
          0.5167134833992727,
          2.0366332280682022
        ],
        [
          0.19239937035244378,
          0.8964217401140969,
          -0.39926250280249614,
          -1.6339158508455593
        ],
        [
          -0.4818217779043132,
          0.44073931572287556,
          0.7573616243038314,
          2.9654332805471753
        ],
        [
          0.0,
          0.0,
          0.0,
          1.0
        ]
      ]
    },
    {
      "file_path": "./images/0002.jpg",
      "sharpness": 167.073111451066,
      "transform_matrix": [
        [
          0.8533411451630369,
          0.04184175891723439,
          0.5196712010801757,
          2.0325879569684053
        ],
        [
          0.20013882654279844,
          0.8941123443060608,
          -0.4006339549700044,
          -1.6404001924352605
        ],
        [
          -0.4814076652240551,
          0.44588382229757345,
          0.7546086912643597,
          2.9554743163851143
        ],
        [
          0.0,
          0.0,
          0.0,
          1.0
        ]
      ]
    },
    {
      "file_path": "./images/0003.jpg",
      "sharpness": 155.04564812550905,
      "transform_matrix": [
        [
          0.8497005661842109,
          0.0327236521040736,
          0.5262490954564827,
          2.0458636640093952
        ],
        [
          0.2114488147218397,
          0.8931511298201733,
          -0.3969514555446205,
          -1.6272334970451263
        ],
        [
          -0.48300967550724955,
          0.4485646240066243,
          0.7519916432454931,
          2.9521264886602747
        ],
        [
          0.0,
          0.0,
          0.0,
          1.0
        ]
      ]
    },
    {
      "file_path": "./images/0004.jpg",
      "sharpness": 157.43966045661628,
      "transform_matrix": [
        [
          0.8454652099589092,
          0.02100237266657178,
          0.5336173527360926,
          2.0640836236939193
        ],
        [
          0.22753367341582084,
          0.8898239155568834,
          -0.3955272768978578,
          -1.6159745354144543
        ],
        [
          -0.4831324934899316,
          0.45582046867339204,
          0.7475364165894864,
          2.942098474567183
        ],
        [
          0.0,
          0.0,
          0.0,
          1.0
        ]
      ]
    },
    {
      "file_path": "./images/0005.jpg",
      "sharpness": 117.00338531536,
      "transform_matrix": [
        [
          0.8417432327118497,
          0.007164026864861047,
          0.539830535402035,
          2.120730194751698
        ],
        [
          0.23902276803444641,
          0.8916284871479541,
          -0.3845344682505298,
          -1.5719809648994219
        ],
        [
          -0.4840830988577986,
          0.45271107523564486,
          0.7488098796183827,
          2.940726188011327
        ],
        [
          0.0,
          0.0,
          0.0,
          1.0
        ]
      ]
    },
    {
      "file_path": "./images/0006.jpg",
      "sharpness": 120.31191150974014,
      "transform_matrix": [
        [
          0.8384439746183802,
          0.002954293790817503,
          0.5449797919408517,
          2.19736506279613
        ],
        [
          0.25165084386334363,
          0.8848957626534888,
          -0.39195834220754106,
          -1.5880225089324138
        ],
        [
          -0.4834082687168827,
          0.46577973485570656,
          0.7411920698366744,
          2.88585761031381
        ],
        [
          0.0,
          0.0,
          0.0,
          1.0
        ]
      ]
    },
    {
      "file_path": "./images/0007.jpg",
      "sharpness": 100.05198686932012,
      "transform_matrix": [
        [
          0.829935415813934,
          -0.010015702473628233,
          0.557769568308702,
          2.300696239056038
        ],
        [
          0.27292526697030006,
          0.879300410558586,
          -0.3903108846112399,
          -1.5599933845674732
        ],
        [
          -0.48653777271844184,
          0.47616223465509516,
          0.7324960901338131,
          2.8197052550593686
        ],
        [
          0.0,
          0.0,
          0.0,
          1.0
        ]
      ]
    },
    {
      "file_path": "./images/0010.jpg",
      "sharpness": 127.87349319939429,
      "transform_matrix": [
        [
          0.7971578677405445,
          -0.06679343096711908,
          0.6000649727559113,
          2.3605695889914466
        ],
        [
          0.3550538828719979,
          0.8557118102347362,
          -0.3764226854051497,
          -1.5344446921446524
        ],
        [
          -0.4883401214433521,
          0.5131237038192051,
          0.7058526690623422,
          2.8009501063055904
        ],
        [
          0.0,
          0.0,
          0.0,
          1.0
        ]
      ]
    },
    {
      "file_path": "./images/0012.jpg",
      "sharpness": 141.38961380206857,
      "transform_matrix": [
        [
          0.7705666526392245,
          -0.10377956665103809,
          0.6288535882347073,
          2.503264260204084
        ],
        [
          0.4110208892481668,
          0.8349962140866192,
          -0.3658458023101741,
          -1.467780956638568
        ],
        [
          -0.4871230465659152,
          0.5403805363113924,
          0.6860758074258506,
          2.7045865414269614
        ],
        [
          0.0,
          0.0,
          0.0,
          1.0
        ]
      ]
    },
    {
      "file_path": "./images/0011.jpg",
      "sharpness": 71.90098756376457,
      "transform_matrix": [
        [
          0.7802225199039162,
          -0.08906794290681028,
          0.6191281943432195,
          2.468507891248987
        ],
        [
          0.38654248562837235,
          0.8468452541675945,
          -0.36529169481850793,
          -1.4964149522590133
        ],
        [
          -0.4917699932824806,
          0.5243281577953027,
          0.6951562822163176,
          2.7730635688592833
        ],
        [
          0.0,
          0.0,
          0.0,
          1.0
        ]
      ]
    },
    {
      "file_path": "./images/0008.jpg",
      "sharpness": 123.25505967747611,
      "transform_matrix": [
        [
          0.8200221125013802,
          -0.029392016286685467,
          0.5715766304153279,
          2.3473236259863914
        ],
        [
          0.2990658156336375,
          0.8734954456128488,
          -0.38414234916019546,
          -1.5479809262850845
        ],
        [
          -0.4879788653036056,
          0.4859442518318729,
          0.7250757278956774,
          2.7874220505864615
        ],
        [
          0.0,
          0.0,
          0.0,
          1.0
        ]
      ]
    },
    {
      "file_path": "./images/0009.jpg",
      "sharpness": 90.24084488591437,
      "transform_matrix": [
        [
          0.808858498394256,
          -0.04898593610824251,
          0.5859593054884884,
          2.3358034775892165
        ],
        [
          0.3279260309157857,
          0.8647413856611674,
          -0.3803772524454367,
          -1.5276887656275184
        ],
        [
          -0.4880701259838495,
          0.4998226825633593,
          0.7155171823039305,
          2.787718948057538
        ],
        [
          0.0,
          0.0,
          0.0,
          1.0
        ]
      ]
    },
    {
      "file_path": "./images/0014.jpg",
      "sharpness": 137.92652946482636,
      "transform_matrix": [
        [
          0.722835416416591,
          -0.1561772925243587,
          0.6731401147778796,
          2.594239853710298
        ],
        [
          0.48696753717628705,
          0.8062657971518387,
          -0.3358542572082236,
          -1.3837081226979444
        ],
        [
          -0.4902770426627075,
          0.5705647357323387,
          0.6588507447301521,
          2.5454029770839006
        ],
        [
          0.0,
          0.0,
          0.0,
          1.0
        ]
      ]
    },
    {
      "file_path": "./images/0015.jpg",
      "sharpness": 111.73626704600554,
      "transform_matrix": [
        [
          0.6965459282403585,
          -0.18044620245294957,
          0.694451537489586,
          2.67262541879062
        ],
        [
          0.5240596184543971,
          0.7890277652420709,
          -0.3206192476877384,
          -1.3279231606141408
        ],
        [
          -0.49008701901575413,
          0.5872600392642432,
          0.6441586451569915,
          2.4902849881546323
        ],
        [
          0.0,
          0.0,
          0.0,
          1.0
        ]
      ]
    },
    {
      "file_path": "./images/0017.jpg",
      "sharpness": 121.13872299329137,
      "transform_matrix": [
        [
          0.6495054455032097,
          -0.2176020286719855,
          0.7285547566443286,
          2.92861212486296
        ],
        [
          0.5838559288363256,
          0.7565415513534568,
          -0.2945456423776998,
          -1.1905262297975776
        ],
        [
          -0.48708821651976,
          0.6166800128222549,
          0.6184260919204675,
          2.3913181347037944
        ],
        [
          0.0,
          0.0,
          0.0,
          1.0
        ]
      ]
    },
    {
      "file_path": "./images/0013.jpg",
      "sharpness": 60.389421289732304,
      "transform_matrix": [
        [
          0.7511322173935788,
          -0.12648429929395574,
          0.6479213795477701,
          2.5659653502750626
        ],
        [
          0.4431180653667515,
          0.8241120866317401,
          -0.3528252383523931,
          -1.4138328648172525
        ],
        [
          -0.48933298702620315,
          0.5521240718510156,
          0.6750646170149551,
          2.62692012217562
        ],
        [
          0.0,
          0.0,
          0.0,
          1.0
        ]
      ]
    },
    {
      "file_path": "./images/0016.jpg",
      "sharpness": 94.88583908818673,
      "transform_matrix": [
        [
          0.6716168789351759,
          -0.20023117242072833,
          0.7133289883146184,
          2.81955508287231
        ],
        [
          0.5561051318825644,
          0.772425368988226,
          -0.30676722713255156,
          -1.257198830838323
        ],
        [
          -0.48956904545991065,
          0.6027159587687198,
          0.6301234980762538,
          2.4368125020906306
        ],
        [
          0.0,
          0.0,
          0.0,
          1.0
        ]
      ]
    },
    {
      "file_path": "./images/0019.jpg",
      "sharpness": 107.45178003549249,
      "transform_matrix": [
        [
          0.6124194456307708,
          -0.24093006126793542,
          0.7529243841451091,
          2.9505164604070466
        ],
        [
          0.626383241087675,
          0.7289271396761255,
          -0.27624130815900366,
          -1.1646237138413242
        ],
        [
          -0.4822721824278193,
          0.6407947648378111,
          0.597323707438138,
          2.4196310919365787
        ],
        [
          0.0,
          0.0,
          0.0,
          1.0
        ]
      ]
    },
    {
      "file_path": "./images/0018.jpg",
      "sharpness": 79.27627295808982,
      "transform_matrix": [
        [
          0.6329890243407327,
          -0.22945151056189497,
          0.7393760203134772,
          2.9456067907614982
        ],
        [
          0.6049956716437924,
          0.7425032973389719,
          -0.28752233085161644,
          -1.1884224799221448
        ],
        [
          -0.48301669992194324,
          0.6293177716888044,
          0.6088136084944494,
          2.3941740316608815
        ],
        [
          0.0,
          0.0,
          0.0,
          1.0
        ]
      ]
    },
    {
      "file_path": "./images/0020.jpg",
      "sharpness": 173.0788406285685,
      "transform_matrix": [
        [
          0.592271747377831,
          -0.2532212478245476,
          0.7649138362964508,
          2.931212157366571
        ],
        [
          0.6459167145850024,
          0.7167245636102204,
          -0.26286402900125366,
          -1.1339609951111673
        ],
        [
          -0.4816697780871078,
          0.6497575698605633,
          0.588055546135985,
          2.4090724953628637
        ],
        [
          0.0,
          0.0,
          0.0,
          1.0
        ]
      ]
    },
    {
      "file_path": "./images/0021.jpg",
      "sharpness": 136.81801631890863,
      "transform_matrix": [
        [
          0.5752692641659017,
          -0.2636085492726682,
          0.7743228051051737,
          2.9068637985523256
        ],
        [
          0.6631676178447105,
          0.7044637818473871,
          -0.2528625925532783,
          -1.0994744263871599
        ],
        [
          -0.4788256304667727,
          0.6589698876576389,
          0.5800730150795299,
          2.3468988196158995
        ],
        [
          0.0,
          0.0,
          0.0,
          1.0
        ]
      ]
    },
    {
      "file_path": "./images/0024.jpg",
      "sharpness": 137.47926888556296,
      "transform_matrix": [
        [
          0.49062190861498284,
          -0.3132635478846432,
          0.8131150548374324,
          2.9903056592147284
        ],
        [
          0.7383752088376913,
          0.6449615397481442,
          -0.19704482542029605,
          -0.8236144432879556
        ],
        [
          -0.46270097665687504,
          0.6970585067550719,
          0.5477382992050521,
          2.234617682280938
        ],
        [
          0.0,
          0.0,
          0.0,
          1.0
        ]
      ]
    },
    {
      "file_path": "./images/0022.jpg",
      "sharpness": 172.9974881743803,
      "transform_matrix": [
        [
          0.5486118506191595,
          -0.2790174187843408,
          0.7881461269489994,
          2.9159158322555885
        ],
        [
          0.6876835047275136,
          0.6867310046713995,
          -0.23556723998470097,
          -1.0233808604098882
        ],
        [
          -0.4755170183368762,
          0.6712300702909586,
          0.568624443779971,
          2.3192119386985834
        ],
        [
          0.0,
          0.0,
          0.0,
          1.0
        ]
      ]
    },
    {
      "file_path": "./images/0023.jpg",
      "sharpness": 84.204631484663,
      "transform_matrix": [
        [
          0.5225630162687344,
          -0.29581037992819736,
          0.79963998974815,
          2.940764272663324
        ],
        [
          0.7114563385830723,
          0.6681355884340091,
          -0.2177721602115969,
          -0.9314995451598657
        ],
        [
          -0.4698486696357686,
          0.6827086161903544,
          0.5595991181871444,
          2.2881870540466034
        ],
        [
          0.0,
          0.0,
          0.0,
          1.0
        ]
      ]
    },
    {
      "file_path": "./images/0026.jpg",
      "sharpness": 135.55996451754447,
      "transform_matrix": [
        [
          0.4243941470371609,
          -0.3448639049626555,
          0.837232640945199,
          3.0980287237161988
        ],
        [
          0.7881640365339752,
          0.5958669252026216,
          -0.1540780937361313,
          -0.6156960153701754
        ],
        [
          -0.44574326636424216,
          0.7252664989736256,
          0.5246917628592581,
          2.1433032063270345
        ],
        [
          0.0,
          0.0,
          0.0,
          1.0
        ]
      ]
    },
    {
      "file_path": "./images/0025.jpg",
      "sharpness": 78.12371853214889,
      "transform_matrix": [
        [
          0.45441043554011595,
          -0.33083108856152776,
          0.8270803751528628,
          3.031027955207434
        ],
        [
          0.7656696970780889,
          0.6195773863389473,
          -0.17284032318606213,
          -0.7014878132675274
        ],
        [
          -0.4552593448624755,
          0.7118108268403974,
          0.5348497693400072,
          2.2048784236057215
        ],
        [
          0.0,
          0.0,
          0.0,
          1.0
        ]
      ]
    },
    {
      "file_path": "./images/0027.jpg",
      "sharpness": 51.06416352442686,
      "transform_matrix": [
        [
          0.3925199336785477,
          -0.35691556021741183,
          0.8476670245970661,
          3.2147919691741325
        ],
        [
          0.8088997960616449,
          0.5725958377406102,
          -0.1334733177038566,
          -0.47140213213161514
        ],
        [
          -0.437731906111899,
          0.7380686211377214,
          0.5134642041256489,
          2.039237069983753
        ],
        [
          0.0,
          0.0,
          0.0,
          1.0
        ]
      ]
    },
    {
      "file_path": "./images/0029.jpg",
      "sharpness": 126.68084840783547,
      "transform_matrix": [
        [
          0.3266911501859786,
          -0.38102943719470905,
          0.864921649879808,
          3.351366866890908
        ],
        [
          0.8480835440336941,
          0.5221071487766211,
          -0.09032401419839847,
          -0.2712190872965887
        ],
        [
          -0.41716566823873497,
          0.763033874229427,
          0.49371258043140887,
          1.8921099213307915
        ],
        [
          0.0,
          0.0,
          0.0,
          1.0
        ]
      ]
    },
    {
      "file_path": "./images/0028.jpg",
      "sharpness": 81.95319192895502,
      "transform_matrix": [
        [
          0.3579793838058391,
          -0.3680346329188168,
          0.858138257970047,
          3.3180732259661716
        ],
        [
          0.8289812786096159,
          0.5482108191204924,
          -0.11070202129736079,
          -0.31860054784630193
        ],
        [
          -0.4296984995488466,
          0.751009591685928,
          0.5013419917941097,
          1.9307809393003141
        ],
        [
          0.0,
          0.0,
          0.0,
          1.0
        ]
      ]
    },
    {
      "file_path": "./images/0031.jpg",
      "sharpness": 196.6759625744479,
      "transform_matrix": [
        [
          0.26074712614298345,
          -0.4024441915112912,
          0.8775247056217629,
          3.213354449142477
        ],
        [
          0.8807340126257379,
          0.4714204474605897,
          -0.045501216747906574,
          -0.3420900567535863
        ],
        [
          -0.3953713889950426,
          0.7847301666635004,
          0.47736781452804844,
          1.9476604100448869
        ],
        [
          0.0,
          0.0,
          0.0,
          1.0
        ]
      ]
    },
    {
      "file_path": "./images/0030.jpg",
      "sharpness": 55.984990280959295,
      "transform_matrix": [
        [
          0.29476013799956025,
          -0.3910787025893961,
          0.8718795269284847,
          3.2879624462428367
        ],
        [
          0.8646688086703609,
          0.4975611552210417,
          -0.06914295432650655,
          -0.3185678205382557
        ],
        [
          -0.4067730477609042,
          0.774267618612309,
          0.48481475064049834,
          1.9162539290767635
        ],
        [
          0.0,
          0.0,
          0.0,
          1.0
        ]
      ]
    },
    {
      "file_path": "./images/0032.jpg",
      "sharpness": 142.97968749994044,
      "transform_matrix": [
        [
          0.23820246372394627,
          -0.4085730561437055,
          0.881094571608972,
          3.1651319245486964
        ],
        [
          0.8919811474228118,
          0.4509356367083894,
          -0.03204191308270704,
          -0.3222493941873919
        ],
        [
          -0.38422547929590484,
          0.7935522096105111,
          0.47185344306997196,
          1.9506953064464734
        ],
        [
          0.0,
          0.0,
          0.0,
          1.0
        ]
      ]
    },
    {
      "file_path": "./images/0033.jpg",
      "sharpness": 119.13332175912532,
      "transform_matrix": [
        [
          0.2102867982883267,
          -0.41801703115479083,
          0.8837653671533766,
          3.146709191854175
        ],
        [
          0.9040357483309388,
          0.42725856417273284,
          -0.013018643788437811,
          -0.24063731743462807
        ],
        [
          -0.37215430700943536,
          0.8016931339637965,
          0.4677491750762503,
          1.966635786143565
        ],
        [
          0.0,
          0.0,
          0.0,
          1.0
        ]
      ]
    },
    {
      "file_path": "./images/0034.jpg",
      "sharpness": 157.27146970015758,
      "transform_matrix": [
        [
          0.1820460299262857,
          -0.42377686481736343,
          0.8872837268220395,
          3.1707927355918963
        ],
        [
          0.9150012393719861,
          0.40342071638598603,
          0.004945456871023244,
          -0.14575785919370812
        ],
        [
          -0.36004440692006645,
          0.8109654089272194,
          0.46119749633314905,
          1.946322114375956
        ],
        [
          0.0,
          0.0,
          0.0,
          1.0
        ]
      ]
    },
    {
      "file_path": "./images/0035.jpg",
      "sharpness": 165.7707252476756,
      "transform_matrix": [
        [
          0.14461509192974317,
          -0.43130780283443837,
          0.8905391931014854,
          3.203896385309817
        ],
        [
          0.9271722628092163,
          0.37340907144716395,
          0.03028630785553766,
          -0.029088783359000975
        ],
        [
          -0.3455981340804715,
          0.821303381593457,
          0.4538972187160091,
          1.8774170444321827
        ],
        [
          0.0,
          0.0,
          0.0,
          1.0
        ]
      ]
    },
    {
      "file_path": "./images/0036.jpg",
      "sharpness": 60.58498070130315,
      "transform_matrix": [
        [
          0.10369429009139852,
          -0.43667843895983127,
          0.8936215279410009,
          3.27720167568521
        ],
        [
          0.9382059238451952,
          0.341205436911263,
          0.05786617569266046,
          0.13685959845865373
        ],
        [
          -0.33017743514446596,
          0.8324006191810873,
          0.445075353803425,
          1.8317054666696664
        ],
        [
          0.0,
          0.0,
          0.0,
          1.0
        ]
      ]
    },
    {
      "file_path": "./images/0040.jpg",
      "sharpness": 163.25138113562866,
      "transform_matrix": [
        [
          -0.029025703992927896,
          -0.43606584297492984,
          0.8994465460202972,
          3.3958755821419855
        ],
        [
          0.9599123481584988,
          0.23881128560621215,
          0.1467564435561891,
          0.44663355324044124
        ],
        [
          -0.27879345826050644,
          0.8676495551231115,
          0.4116533215956037,
          1.779444593082873
        ],
        [
          0.0,
          0.0,
          0.0,
          1.0
        ]
      ]
    },
    {
      "file_path": "./images/0037.jpg",
      "sharpness": 94.98279705265966,
      "transform_matrix": [
        [
          0.06252459508068732,
          -0.4388144926502667,
          0.8963997523982526,
          3.3636533323519533
        ],
        [
          0.9472778410747092,
          0.3088946547925146,
          0.08513979125395599,
          0.30727954463936663
        ],
        [
          -0.3142536663766081,
          0.8438162912183127,
          0.4349927584435292,
          1.7995158728993654
        ],
        [
          0.0,
          0.0,
          0.0,
          1.0
        ]
      ]
    },
    {
      "file_path": "./images/0038.jpg",
      "sharpness": 126.12803819441095,
      "transform_matrix": [
        [
          0.030217190692377112,
          -0.4371285764348341,
          0.8988912776861725,
          3.416535693618435
        ],
        [
          0.9531065263551359,
          0.28352482574202087,
          0.10583771828851678,
          0.39676105919447324
        ],
        [
          -0.30112268399556485,
          0.8535410247304275,
          0.42519742278183986,
          1.7851134261856259
        ],
        [
          0.0,
          0.0,
          0.0,
          1.0
        ]
      ]
    },
    {
      "file_path": "./images/0050.jpg",
      "sharpness": 103.86963921467388,
      "transform_matrix": [
        [
          -0.32961227648392427,
          -0.3979021868742689,
          0.8561714763534948,
          3.2212514833826007
        ],
        [
          0.9321228003176436,
          0.00693627361358943,
          0.36207592193028726,
          1.410646504842812
        ],
        [
          -0.15000944077071698,
          0.9174016229781687,
          0.36860741974566724,
          1.5663453680955242
        ],
        [
          0.0,
          0.0,
          0.0,
          1.0
        ]
      ]
    },
    {
      "file_path": "./images/0042.jpg",
      "sharpness": 159.77428796742453,
      "transform_matrix": [
        [
          -0.06577838247539597,
          -0.4345267094916236,
          0.8982537187158572,
          3.3463286316373795
        ],
        [
          0.9627300888947301,
          0.20903806584364445,
          0.1716212777321314,
          0.5098988060066497
        ],
        [
          -0.262343249088915,
          0.8760648525169196,
          0.40458175180902495,
          1.7386233940838254
        ],
        [
          0.0,
          0.0,
          0.0,
          1.0
        ]
      ]
    },
    {
      "file_path": "./images/0041.jpg",
      "sharpness": 66.25535293316672,
      "transform_matrix": [
        [
          -0.046663087062176006,
          -0.4355347126274277,
          0.8989616623927493,
          3.3632956691773312
        ],
        [
          0.9615465930931726,
          0.22424918285993292,
          0.15855741327002312,
          0.46504109151862794
        ],
        [
          -0.27064867563748873,
          0.8717923021748956,
          0.4083227599573023,
          1.7694064136443832
        ],
        [
          0.0,
          0.0,
          0.0,
          1.0
        ]
      ]
    },
    {
      "file_path": "./images/0043.jpg",
      "sharpness": 85.12130978893016,
      "transform_matrix": [
        [
          -0.08926114079566122,
          -0.4341172500977993,
          0.896423260497487,
          3.3396974585640424
        ],
        [
          0.9627513698421513,
          0.1930254417514334,
          0.18934354678478285,
          0.6031239981074994
        ],
        [
          -0.25522979570776155,
          0.8799337429906298,
          0.4007173060704446,
          1.7160446814865506
        ],
        [
          0.0,
          0.0,
          0.0,
          1.0
        ]
      ]
    },
    {
      "file_path": "./images/0045.jpg",
      "sharpness": 133.75682289683704,
      "transform_matrix": [
        [
          -0.16550860762114689,
          -0.4329219933009954,
          0.8861069058353883,
          3.336854032310123
        ],
        [
          0.9600434616195925,
          0.13486593937136346,
          0.2452095638515465,
          0.8923424500670558
        ],
        [
          -0.22566225339802115,
          0.8912854347316908,
          0.39330245521906926,
          1.6750738829682223
        ],
        [
          0.0,
          0.0,
          0.0,
          1.0
        ]
      ]
    },
    {
      "file_path": "./images/0044.jpg",
      "sharpness": 135.86375905266064,
      "transform_matrix": [
        [
          -0.11897486543488087,
          -0.4336239587972599,
          0.8932050401790776,
          3.351227159114942
        ],
        [
          0.9627599496123648,
          0.16957643777249115,
          0.21056379361159192,
          0.7508074984150103
        ],
        [
          -0.24277203467923045,
          0.8849938384867166,
          0.39730044685745547,
          1.7025929816297953
        ],
        [
          0.0,
          0.0,
          0.0,
          1.0
        ]
      ]
    },
    {
      "file_path": "./images/0046.jpg",
      "sharpness": 182.38689233788776,
      "transform_matrix": [
        [
          -0.20820879496588557,
          -0.4269792078056895,
          0.8799646889790766,
          3.257993424473576
        ],
        [
          0.9556803273057847,
          0.10264913437033771,
          0.2759316350457931,
          0.9994831299049398
        ],
        [
          -0.20814468454054708,
          0.898416335206908,
          0.3866831764969666,
          1.6448855555372421
        ],
        [
          0.0,
          0.0,
          0.0,
          1.0
        ]
      ]
    },
    {
      "file_path": "./images/0047.jpg",
      "sharpness": 112.2277254251827,
      "transform_matrix": [
        [
          -0.24498948772961557,
          -0.42053209324101354,
          0.8735747875859717,
          3.2273221940798296
        ],
        [
          0.9504938986320901,
          0.07347554180558727,
          0.3019316038854852,
          1.1394897826322055
        ],
        [
          -0.1911583102231597,
          0.9042975745645765,
          0.3817124534569578,
          1.6380127675417906
        ],
        [
          0.0,
          0.0,
          0.0,
          1.0
        ]
      ]
    },
    {
      "file_path": "./images/0048.jpg",
      "sharpness": 143.45906041764528,
      "transform_matrix": [
        [
          -0.27633233237577876,
          -0.4131052940794518,
          0.867746770744124,
          3.224807110504438
        ],
        [
          0.9444042177218309,
          0.050658492347791066,
          0.3248605711802856,
          1.2781563389889259
        ],
        [
          -0.1781603649378123,
          0.9092731895364257,
          0.37613980274674585,
          1.6254113776857924
        ],
        [
          0.0,
          0.0,
          0.0,
          1.0
        ]
      ]
    },
    {
      "file_path": "./images/0049.jpg",
      "sharpness": 113.00831398962615,
      "transform_matrix": [
        [
          -0.30457264210453977,
          -0.40579365873264367,
          0.8617232805625006,
          3.2241584634034974
        ],
        [
          0.9383822553279072,
          0.027292517251277224,
          0.3445197547211408,
          1.3641791563713943
        ],
        [
          -0.16332252927454405,
          0.9135571274354282,
          0.37247701459039606,
          1.6127372199260632
        ],
        [
          0.0,
          0.0,
          0.0,
          1.0
        ]
      ]
    },
    {
      "file_path": "./images/0039.jpg",
      "sharpness": 65.92706786098726,
      "transform_matrix": [
        [
          -0.0005016982938054899,
          -0.4350500435211817,
          0.9004061350194162,
          3.4108382303287588
        ],
        [
          0.9573938761334297,
          0.2598147899744405,
          0.12606839753903668,
          0.42482906691435485
        ],
        [
          -0.28878489269777097,
          0.8621065680005073,
          0.41638389884192584,
          1.7849511649265504
        ],
        [
          0.0,
          0.0,
          0.0,
          1.0
        ]
      ]
    },
    {
      "file_path": "./images/0052.jpg",
      "sharpness": 110.8012593837483,
      "transform_matrix": [
        [
          -0.38801698050515004,
          -0.3777854150915685,
          0.8406669988963055,
          3.175235685023802
        ],
        [
          0.9143434969207751,
          -0.04314423195152928,
          0.4026345053436396,
          1.6735722031115698
        ],
        [
          -0.11583951173705699,
          0.924887428527365,
          0.3621663321285374,
          1.484061670652937
        ],
        [
          0.0,
          0.0,
          0.0,
          1.0
        ]
      ]
    },
    {
      "file_path": "./images/0054.jpg",
      "sharpness": 150.34098378973226,
      "transform_matrix": [
        [
          -0.49674084512322214,
          -0.33051910702960097,
          0.8024996278654501,
          3.0043453171430423
        ],
        [
          0.8667862471843163,
          -0.1421237966273258,
          0.47799835578135624,
          1.8447296116781675
        ],
        [
          -0.04393329581021743,
          0.9330369480226456,
          0.3570881112536779,
          1.5630955430468465
        ],
        [
          0.0,
          0.0,
          0.0,
          1.0
        ]
      ]
    },
    {
      "file_path": "./images/0053.jpg",
      "sharpness": 44.53593363945986,
      "transform_matrix": [
        [
          -0.44007009616224135,
          -0.35496065079451145,
          0.8248280104972527,
          3.1093728965471428
        ],
        [
          0.894533573605299,
          -0.09308604402011587,
          0.4372009539181429,
          1.7951407543302822
        ],
        [
          -0.0784091586365934,
          0.9302354136728376,
          0.3584886037877719,
          1.5480302951554907
        ],
        [
          0.0,
          0.0,
          0.0,
          1.0
        ]
      ]
    },
    {
      "file_path": "./images/0051.jpg",
      "sharpness": 46.67337191320815,
      "transform_matrix": [
        [
          -0.35342027491386024,
          -0.3896603735065812,
          0.8504462961575449,
          3.2060874288967343
        ],
        [
          0.9254690804003991,
          -0.01309701807391627,
          0.3785966842772494,
          1.5177280987975557
        ],
        [
          -0.13638581489215576,
          0.9208654958735898,
          0.36524737926584705,
          1.5084080755079405
        ],
        [
          0.0,
          0.0,
          0.0,
          1.0
        ]
      ]
    },
    {
      "file_path": "./images/0055.jpg",
      "sharpness": 195.78954640476977,
      "transform_matrix": [
        [
          -0.544771295363066,
          -0.3061821773910073,
          0.7806898936492725,
          2.9035946113716746
        ],
        [
          0.8385277673902903,
          -0.18804787593298078,
          0.5113796825039743,
          1.9293757259560491
        ],
        [
          -0.009768268399498395,
          0.9332151256059311,
          0.3591853425846622,
          1.5565668546343119
        ],
        [
          0.0,
          0.0,
          0.0,
          1.0
        ]
      ]
    },
    {
      "file_path": "./images/0056.jpg",
      "sharpness": 159.81132896215192,
      "transform_matrix": [
        [
          -0.5734296566818821,
          -0.28752752361591477,
          0.7671416766481677,
          2.875591822094155
        ],
        [
          0.8190707253698026,
          -0.22105582282505062,
          0.5293934926334486,
          1.985483478262317
        ],
        [
          0.017365934599574084,
          0.9319132182840424,
          0.36226534192197,
          1.5521781212311738
        ],
        [
          0.0,
          0.0,
          0.0,
          1.0
        ]
      ]
    },
    {
      "file_path": "./images/0057.jpg",
      "sharpness": 178.151604882887,
      "transform_matrix": [
        [
          -0.5858062435817483,
          -0.28023311026073505,
          0.7604606820499002,
          2.8762415180980128
        ],
        [
          0.8096523633266237,
          -0.24400622100979355,
          0.5337827410786609,
          1.994072547722412
        ],
        [
          0.03597353951755267,
          0.9284020508787374,
          0.36983176774529947,
          1.5287188000332694
        ],
        [
          0.0,
          0.0,
          0.0,
          1.0
        ]
      ]
    },
    {
      "file_path": "./images/0058.jpg",
      "sharpness": 130.40705627880124,
      "transform_matrix": [
        [
          -0.6021565986215701,
          -0.2696982909859844,
          0.7514454488685818,
          2.879358532905157
        ],
        [
          0.7966696557057859,
          -0.26451754672835515,
          0.5434592230846333,
          1.9631615748311335
        ],
        [
          0.05220048294840838,
          0.9259013442939765,
          0.3741414308379117,
          1.5326225084392602
        ],
        [
          0.0,
          0.0,
          0.0,
          1.0
        ]
      ]
    },
    {
      "file_path": "./images/0059.jpg",
      "sharpness": 89.6685549044804,
      "transform_matrix": [
        [
          -0.607191769595404,
          -0.2659080545422548,
          0.7487396486861895,
          2.875000476979617
        ],
        [
          0.7920791403229723,
          -0.27690937397099963,
          0.5439961710136626,
          1.9414383408852456
        ],
        [
          0.0626800638722803,
          0.9233710549879915,
          0.3787573160457898,
          1.5391477681502073
        ],
        [
          0.0,
          0.0,
          0.0,
          1.0
        ]
      ]
    },
    {
      "file_path": "./images/0060.jpg",
      "sharpness": 100.43450196181746,
      "transform_matrix": [
        [
          -0.6124612018674602,
          -0.26197399238597174,
          0.7458290042429192,
          2.83745654556364
        ],
        [
          0.7867797787804204,
          -0.29345067254834084,
          0.5430140720906549,
          1.9358471219713536
        ],
        [
          0.07660845851379136,
          0.9193782301898513,
          0.38584299137342987,
          1.5412431399710251
        ],
        [
          0.0,
          0.0,
          0.0,
          1.0
        ]
      ]
    },
    {
      "file_path": "./images/0061.jpg",
      "sharpness": 168.21694581037798,
      "transform_matrix": [
        [
          -0.6302487523057889,
          -0.24717568198422782,
          0.73599639435407,
          2.7732878830409553
        ],
        [
          0.7704664595628588,
          -0.31602587791173675,
          0.5536326211343638,
          2.0053487275931015
        ],
        [
          0.09574938596801578,
          0.9159868049147261,
          0.3896154878386367,
          1.5589324540263498
        ],
        [
          0.0,
          0.0,
          0.0,
          1.0
        ]
      ]
    },
    {
      "file_path": "./images/0062.jpg",
      "sharpness": 65.45784527844089,
      "transform_matrix": [
        [
          -0.6672845995971864,
          -0.21959580289242117,
          0.7116944193556803,
          2.72576988413879
        ],
        [
          0.7352461792924586,
          -0.3467976396596871,
          0.582361101866898,
          2.1197219883671936
        ],
        [
          0.11892989105374495,
          0.9118711973352582,
          0.39286969918687614,
          1.572434958210566
        ],
        [
          0.0,
          0.0,
          0.0,
          1.0
        ]
      ]
    },
    {
      "file_path": "./images/0063.jpg",
      "sharpness": 81.20727234504787,
      "transform_matrix": [
        [
          -0.7066093313998832,
          -0.1912243756124901,
          0.6812756351138552,
          2.655713545596619
        ],
        [
          0.693734742831699,
          -0.3769003573419395,
          0.613741172831896,
          2.2497077243767203
        ],
        [
          0.1394107577603122,
